,fbest
0,0.6296029065768596
1,0.6296029065768596
2,0.7420660478999536
3,0.7420660478999536
4,0.8377330723266991
5,0.8377330723266991
6,0.8377330723266991
7,0.8377330723266991
8,0.8377330723266991
9,0.9233616459332444
10,0.9233616459332444
11,0.9233616459332444
12,1.3654858676934056
13,1.3654858676934056
14,1.3654858676934056
15,1.3654858676934056
16,1.3654858676934056
17,1.3654858676934056
18,1.3654858676934056
19,1.3654858676934056
20,1.3654858676934056
21,1.3654858676934056
22,1.3654858676934056
23,1.3654858676934056
24,1.3654858676934056
25,1.3654858676934056
26,1.3654858676934056
27,1.3654858676934056
28,1.3654858676934056
29,1.3654858676934056
30,1.3654858676934056
31,1.3654858676934056
32,1.3654858676934056
33,1.3654858676934056
34,1.3654858676934056
35,1.3654858676934056
36,1.3654858676934056
37,1.3654858676934056
38,1.3654858676934056
39,1.3654858676934056
40,1.3654858676934056
41,1.3654858676934056
42,1.3654858676934056
43,1.4532164491227568
44,1.4532164491227568
45,1.4532164491227568
46,1.4532164491227568
47,1.4532164491227568
48,1.4532164491227568
49,1.4532164491227568
50,1.4532164491227568
51,1.4532164491227568
52,1.4532164491227568
53,1.4532164491227568
54,1.4532164491227568
55,1.4532164491227568
56,1.4532164491227568
57,1.4532164491227568
58,1.4532164491227568
59,1.4532164491227568
60,1.4532164491227568
61,1.4532164491227568
62,1.4532164491227568
63,1.4532164491227568
64,1.4532164491227568
65,1.4532164491227568
66,1.4532164491227568
67,1.4532164491227568
68,1.4532164491227568
69,1.4532164491227568
70,1.4532164491227568
71,1.4532164491227568
72,1.4532164491227568
73,1.4532164491227568
74,1.4532164491227568
75,1.4532164491227568
76,1.4532164491227568
77,1.4532164491227568
78,1.4532164491227568
79,1.4532164491227568
80,1.4532164491227568
81,1.4532164491227568
82,1.4532164491227568
83,1.4532164491227568
84,1.4532164491227568
85,1.4532164491227568
86,1.4532164491227568
87,1.4532164491227568
88,1.4532164491227568
89,1.4532164491227568
90,1.4532164491227568
91,1.4532164491227568
92,1.4532164491227568
93,1.4532164491227568
94,1.4532164491227568
95,1.4532164491227568
96,1.4532164491227568
97,1.4532164491227568
98,1.4532164491227568
99,1.4532164491227568
100,1.4532164491227568
101,1.4532164491227568
102,1.4532164491227568
103,1.4532164491227568
104,1.4532164491227568
105,1.4532164491227568
106,1.4532164491227568
107,1.4532164491227568
108,1.4532164491227568
109,1.4532164491227568
110,1.4532164491227568
111,1.4532164491227568
112,1.4532164491227568
113,1.4532164491227568
114,1.4532164491227568
115,1.4532164491227568
116,1.4532164491227568
117,1.4532164491227568
118,1.4532164491227568
119,1.4532164491227568
120,1.4532164491227568
121,1.4532164491227568
122,1.4532164491227568
123,1.4532164491227568
124,1.4532164491227568
125,1.4532164491227568
126,1.4532164491227568
127,1.4532164491227568
128,1.4532164491227568
129,1.4532164491227568
130,1.4532164491227568
131,1.4532164491227568
132,1.4532164491227568
133,1.4532164491227568
134,1.4532164491227568
135,1.4532164491227568
136,1.4532164491227568
137,1.4532164491227568
138,1.4532164491227568
139,1.4532164491227568
140,1.4532164491227568
141,1.4532164491227568
142,1.4532164491227568
143,1.4532164491227568
144,1.4532164491227568
145,1.4532164491227568
146,1.4532164491227568
147,1.4532164491227568
148,1.4532164491227568
149,1.4532164491227568
